pub const Q_BITS_4: usize = 15;
pub const Q_BITS_8: usize = 16;
pub const OFFSET_BITS: usize = 11;
pub const SCALES_4x4: [[u64; 16]; 6] = [
    [
        13107, 8066, 13107, 8066, 8066, 5243, 8066, 5243, 13107, 8066, 13107, 8066, 8066, 5243,
        8066, 5243,
    ],
    [
        11916, 7490, 11916, 7490, 7490, 4660, 7490, 4660, 11916, 7490, 11916, 7490, 7490, 4660,
        7490, 4660,
    ],
    [
        10082, 6554, 10082, 6554, 6554, 4194, 6554, 4194, 10082, 6554, 10082, 6554, 6554, 4194,
        6554, 4194,
    ],
    [
        9362, 5825, 9362, 5825, 5825, 3647, 5825, 3647, 9362, 5825, 9362, 5825, 5825, 3647, 5825,
        3647,
    ],
    [
        8192, 5243, 8192, 5243, 5243, 3355, 5243, 3355, 8192, 5243, 8192, 5243, 5243, 3355, 5243,
        3355,
    ],
    [
        7282, 4559, 7282, 4559, 4559, 2893, 4559, 2893, 7282, 4559, 7282, 4559, 4559, 2893, 4559,
        2893,
    ],
];
pub const SCALES_8x8: [[u64; 64]; 6] = [
    [
        13107, 12222, 16777, 12222, 13107, 12222, 16777, 12222, 12222, 11428, 15481, 11428, 12222,
        11428, 15481, 11428, 16777, 15481, 20972, 15481, 16777, 15481, 20972, 15481, 12222, 11428,
        15481, 11428, 12222, 11428, 15481, 11428, 13107, 12222, 16777, 12222, 13107, 12222, 16777,
        12222, 12222, 11428, 15481, 11428, 12222, 11428, 15481, 11428, 16777, 15481, 20972, 15481,
        16777, 15481, 20972, 15481, 12222, 11428, 15481, 11428, 12222, 11428, 15481, 11428,
    ],
    [
        11916, 11058, 14980, 11058, 11916, 11058, 14980, 11058, 11058, 10826, 14290, 10826, 11058,
        10826, 14290, 10826, 14980, 14290, 19174, 14290, 14980, 14290, 19174, 14290, 11058, 10826,
        14290, 10826, 11058, 10826, 14290, 10826, 11916, 11058, 14980, 11058, 11916, 11058, 14980,
        11058, 11058, 10826, 14290, 10826, 11058, 10826, 14290, 10826, 14980, 14290, 19174, 14290,
        14980, 14290, 19174, 14290, 11058, 10826, 14290, 10826, 11058, 10826, 14290, 10826,
    ],
    [
        10082, 9675, 12710, 9675, 10082, 9675, 12710, 9675, 9675, 8943, 11985, 8943, 9675, 8943,
        11985, 8943, 12710, 11985, 15978, 11985, 12710, 11985, 15978, 11985, 9675, 8943, 11985,
        8943, 9675, 8943, 11985, 8943, 10082, 9675, 12710, 9675, 10082, 9675, 12710, 9675, 9675,
        8943, 11985, 8943, 9675, 8943, 11985, 8943, 12710, 11985, 15978, 11985, 12710, 11985,
        15978, 11985, 9675, 8943, 11985, 8943, 9675, 8943, 11985, 8943,
    ],
    [
        9362, 8931, 11984, 8931, 9362, 8931, 11984, 8931, 8931, 8228, 11259, 8228, 8931, 8228,
        11259, 8228, 11984, 11259, 14913, 11259, 11984, 11259, 14913, 11259, 8931, 8228, 11259,
        8228, 8931, 8228, 11259, 8228, 9362, 8931, 11984, 8931, 9362, 8931, 11984, 8931, 8931,
        8228, 11259, 8228, 8931, 8228, 11259, 8228, 11984, 11259, 14913, 11259, 11984, 11259,
        14913, 11259, 8931, 8228, 11259, 8228, 8931, 8228, 11259, 8228,
    ],
    [
        8192, 7740, 10486, 7740, 8192, 7740, 10486, 7740, 7740, 7346, 9777, 7346, 7740, 7346, 9777,
        7346, 10486, 9777, 13159, 9777, 10486, 9777, 13159, 9777, 7740, 7346, 9777, 7346, 7740,
        7346, 9777, 7346, 8192, 7740, 10486, 7740, 8192, 7740, 10486, 7740, 7740, 7346, 9777, 7346,
        7740, 7346, 9777, 7346, 10486, 9777, 13159, 9777, 10486, 9777, 13159, 9777, 7740, 7346,
        9777, 7346, 7740, 7346, 9777, 7346,
    ],
    [
        7282, 6830, 9118, 6830, 7282, 6830, 9118, 6830, 6830, 6428, 8640, 6428, 6830, 6428, 8640,
        6428, 9118, 8640, 11570, 8640, 9118, 8640, 11570, 8640, 6830, 6428, 8640, 6428, 6830, 6428,
        8640, 6428, 7282, 6830, 9118, 6830, 7282, 6830, 9118, 6830, 6830, 6428, 8640, 6428, 6830,
        6428, 8640, 6428, 9118, 8640, 11570, 8640, 9118, 8640, 11570, 8640, 6830, 6428, 8640, 6428,
        6830, 6428, 8640, 6428,
    ],
];
pub const BASE_OFFSET_I_SLICE: u64 = 682;
pub const BASE_OFFSET_BP_SLICE: u64 = 342;
